[array([[ 9.9998832e-01, -2.8910930e-03,  3.8741457e-03,  7.1735302e-04],
       [ 2.8856925e-03,  9.9999481e-01,  1.3988744e-03,  4.5204436e-04],
       [-3.8781699e-03, -1.3876787e-03,  9.9999154e-01,  1.2491889e-04],
       [ 0.0000000e+00,  0.0000000e+00,  0.0000000e+00,  1.0000000e+00]],
      dtype=float32), array([[-0.022781  , -0.0117385 ,  0.9996716 , -0.12370658],
       [-0.00578236,  0.9999159 ,  0.0116096 ,  0.01491191],
       [-0.9997238 , -0.00551599, -0.02284696,  0.12376463],
       [ 0.        ,  0.        ,  0.        ,  1.        ]],
      dtype=float32), array([[ 0.39714447, -0.01748207, 0.9175896 , -0.12309771],
       [-0.00892172,  0.9996978 ,  0.02290784, -0.01432643],
       [-0.9177127 , -0.0172842 ,  0.39686844,  0.03084323],
       [ 0.        ,  0.        ,  0.        ,  1.        ]],
      dtype=float32)]
