[array([[ 9.9997181e-01, -3.4375202e-03,  6.6908253e-03,  5.1540195e-05],
       [ 3.4259914e-03,  9.9999261e-01,  1.7338268e-03,  6.8332267e-04],
       [-6.6967364e-03, -1.7108552e-03,  9.9997616e-01, -2.6629338e-04],
       [ 0.0000000e+00,  0.0000000e+00,  0.0000000e+00,  1.0000000e+00]],
      dtype=float32), array([[ 0.0289457 , -0.01001999,  0.9995307 , -0.09788322],
       [ 0.01623862,  0.99982244,  0.00955265,  0.0154556 ],
       [-0.9994491 ,  0.0159545 ,  0.02910327,  0.17097309],
       [ 0.        ,  0.        ,  0.        ,  1.        ]],
      dtype=float32), array([[ 0.47301468, -0.04626183,  0.87983924, -0.09335963],
       [ 0.00706717,  0.9987876 ,  0.04871671, -0.01644917],
       [-0.88102627, -0.01682575,  0.47276816,  0.0754188 ],
       [ 0.        ,  0.        ,  0.        ,  1.        ]],
      dtype=float32)]